% 测试E5a E5b信号的相关性质

% 
E5_k = [5 5 1 1 1 1 5 5;
    4 4 4 8 8 8 8 4;
    4 8 8 8 8 4 4 4;
    3 3 7 7 7 7 3 3;
    6 2 2 2 2 6 6 6;
    3 3 3 3 7 7 7 7;
    1 1 1 1 5 5 5 5;
    2 2 2 2 6 6 6 6;
    6 6 6 6 2 2 2 2;
    5 5 5 5 1 1 1 1;
    7 7 7 7 3 3 3 3;
    2 6 6 6 6 2 2 2;
    7 7 3 3 3 3 7 7;
    8 4 4 4 4 8 8 8;
    8 8 8 4 4 4 4 8;
    1 1 5 5 5 5 1 1];

% 验证pi/8